100
3000
79 98 4826
64 68 13
3 83 4213
19 57 3482
3 72 5733
52 76 432
17 81 5598
40 83 4352
11 94 1943
0 61 5101
30 99 4081
67 70 1994
91 96 3316
42 90 2458
29 50 2653
4 23 2387
28 51 4600
45 51 347
18 61 3190
32 72 2528
36 42 3160
93 96 2132
32 59 352
2 57 4197
55 80 5654
23 71 1179
5 80 5093
4 11 5315
13 57 4550
38 89 808
23 38 2372
2 85 1832
55 62 3204
47 95 4639
34 47 1611
23 43 995
1 44 5401
51 96 408
11 70 5299
40 58 5007
43 75 524
41 80 3625
27 72 4932
34 71 1197
65 96 3299
72 91 435
73 93 3378
39 47 2727
8 47 533
39 60 1246
73 82 2328
63 66 4644
68 87 5415
3 86 4586
2 54 2382
9 84 5219
2 61 5642
10 89 1884
3 84 717
43 54 5568
23 32 3877
5 90 4461
11 19 4817
51 87 4591
73 90 5930
71 86 5757
6 45 768
61 66 4334
48 80 2406
71 78 2753
40 68 5134
13 70 1040
54 98 1908
28 84 1368
5 97 2368
21 35 3048
32 48 771
19 22 4234
69 83 1094
69 99 4139
19 56 4008
58 61 5256
40 52 1353
7 80 2158
43 94 2750
17 50 391
35 68 2577
10 24 1601
74 90 1146
74 76 5555
69 77 1224
47 56 3465
19 77 4590
20 41 4127
11 42 4042
48 62 4731
40 80 874
4 38 2453
58 80 1411
6 75 4185
9 28 5003
40 87 4567
37 55 912
6 70 1250
8 17 2228
20 63 300
26 93 2718
35 77 5684
48 87 661
59 69 2841
27 38 1688
11 24 5609
9 13 1377
4 27 1774
40 70 4839
38 90 964
56 73 118
15 47 5845
7 48 3560
53 62 113
60 73 3341
6 53 1812
21 44 3905
13 54 2548
37 91 5656
70 96 312
11 79 2183
0 84 5962
6 93 1723
15 96 5630
13 67 3912
58 69 3157
40 46 1959
24 27 1060
51 56 4644
11 71 5471
9 66 3086
15 41 1843
30 82 732
68 80 4169
10 25 5332
37 95 3829
37 78 1951
51 67 1494
2 86 4867
22 63 2357
50 57 4224
1 71 5978
16 68 1045
11 88 3547
62 72 5017
71 93 4250
30 56 1292
14 64 4882
59 97 944
10 48 4800
66 86 4041
40 41 4016
20 67 2589
36 54 617
11 59 2360
14 68 4086
62 97 5452
30 62 4583
32 82 3749
9 48 5255
54 94 4627
3 31 2329
22 89 274
42 44 2764
34 51 5165
42 49 1791
9 64 5382
12 81 949
38 87 5859
13 79 1425
63 75 5537
11 49 2052
23 24 5800
6 94 3262
8 43 4104
42 45 4350
33 58 494
36 62 5409
15 38 2725
19 34 2788
41 67 3949
22 52 977
49 69 2488
70 88 4689
0 33 1
64 72 1548
29 79 5206
53 70 1463
21 86 646
18 26 1610
26 46 5669
0 35 1336
14 44 3855
63 88 4786
18 92 2606
20 34 4631
35 40 533
28 70 1346
3 55 2609
65 67 3802
36 51 957
31 65 2934
6 18 3092
20 49 936
0 70 1571
4 49 4528
55 97 3887
47 84 2015
3 66 745
51 60 2365
16 28 1474
82 96 4132
42 51 207
60 88 2628
56 90 2742
20 94 2777
27 67 2911
54 93 3898
3 22 5363
46 94 5447
24 38 15
5 15 3440
3 87 4752
40 60 2448
2 72 3852
67 85 5257
90 96 263
31 83 3174
15 53 132
39 79 3431
28 43 4534
53 99 2367
31 69 5499
64 87 2868
72 75 2693
16 18 2247
77 98 1142
50 77 3694
71 94 5771
12 47 266
48 83 831
16 61 1420
85 94 597
54 62 1124
30 85 4264
4 43 3119
43 44 3738
50 67 5065
41 90 4318
9 56 4642
41 87 5784
63 68 2767
11 67 5998
37 89 1761
43 84 2122
78 99 4462
23 50 430
64 73 3914
1 89 2481
20 87 216
18 81 5413
57 77 5772
22 55 4456
78 95 3073
53 58 3454
31 71 4195
22 53 950
36 83 681
10 44 1328
33 55 1525
10 36 447
10 88 5702
6 37 1618
52 96 1457
10 64 5506
42 58 892
16 87 3200
41 64 5593
39 78 3291
6 71 2504
22 67 4257
20 43 1912
10 23 5110
9 69 2629
9 44 4479
24 72 2293
16 70 4221
14 80 808
16 24 5947
32 49 508
31 63 877
17 92 2191
48 99 3274
8 79 368
33 72 2891
57 64 4720
67 79 1602
22 51 1236
42 61 4420
5 26 5449
50 74 2833
18 40 470
68 99 1935
5 62 42
27 52 55
28 55 1343
71 79 2773
3 27 3610
41 72 2943
16 99 5141
0 42 3909
48 95 3843
2 20 717
29 78 729
13 38 864
22 37 1408
28 58 4596
16 58 1995
8 20 4615
4 39 2089
45 47 4341
41 58 859
12 51 1738
19 99 2550
21 91 233
67 84 995
9 54 4502
17 34 2833
20 48 414
6 15 929
11 99 2229
17 59 1028
30 41 186
35 63 5970
57 91 1966
49 90 2748
31 53 5658
14 98 5033
30 69 352
93 99 5566
53 65 5477
36 40 239
73 80 5199
7 16 903
86 96 5186
16 29 2304
47 93 944
55 73 129
6 96 30
1 40 421
51 94 4717
66 67 3530
8 53 5367
4 63 5250
25 77 4584
41 75 2449
16 75 1103
49 68 5449
48 61 2106
71 72 3023
65 99 2604
26 48 4854
7 14 3948
24 32 4654
10 61 3603
11 44 2896
13 82 2582
63 96 4020
1 68 2112
26 90 2395
48 82 1160
18 89 580
16 22 4826
41 89 4073
42 86 4103
88 93 1455
58 76 5753
59 77 5258
39 40 1904
12 15 1727
63 82 4410
26 71 1161
41 97 367
34 80 2928
25 53 1679
81 86 5371
51 61 1235
38 83 1612
43 64 439
83 92 3026
16 63 2838
17 52 4267
31 89 976
27 64 2823
4 10 1106
29 98 67
25 65 3324
30 32 1583
30 96 1293
24 83 5618
79 81 3977
45 55 3270
8 88 236
38 47 3389
13 78 204
34 55 2727
25 87 5630
77 81 3671
33 87 5119
29 62 3679
41 60 3275
22 73 2854
69 97 564
55 89 2650
48 57 2393
0 46 5166
33 39 2886
60 72 5822
35 52 662
38 78 4007
11 14 2696
13 72 2023
48 74 4491
30 33 1991
2 4 2881
42 55 5536
95 99 5210
24 25 2987
48 58 3590
67 94 2978
54 76 4005
69 82 3556
17 79 372
11 54 2725
21 42 2230
80 94 106
46 83 5325
33 70 43
37 82 3279
53 66 977
4 5 2062
3 23 1816
4 57 452
11 93 4374
18 66 3941
57 58 4293
81 82 904
42 47 1322
27 74 4064
23 77 3150
39 73 3054
48 84 5876
47 61 4341
45 92 30
3 48 5644
17 68 4741
10 45 541
18 90 1040
33 85 4615
0 25 2055
8 27 2662
11 35 649
1 51 5702
1 41 2331
23 59 5803
27 33 60
56 63 3659
17 42 2108
8 30 3177
29 53 833
47 49 465
14 26 3030
26 83 180
14 18 5363
14 22 65
50 69 4174
16 52 4260
24 63 5489
26 33 3100
21 40 2616
12 38 2568
44 90 4447
24 94 5329
13 76 826
19 62 3432
25 63 1800
36 60 4539
11 51 1808
46 88 5251
17 43 4054
23 42 3869
7 59 2689
41 84 2718
45 81 1623
4 81 2212
29 69 2469
60 90 685
44 64 2072
54 97 5006
7 91 2523
54 81 1779
29 55 5031
60 75 1604
13 61 5419
59 66 2020
82 89 4655
3 33 2787
41 46 1238
46 74 5654
30 55 434
70 78 3567
63 92 1636
58 92 3586
42 77 673
63 99 3539
8 48 2776
1 64 4213
12 18 4872
46 82 4206
54 99 4756
14 90 2534
42 98 1723
34 38 990
38 99 3627
4 93 3251
7 97 243
37 65 3895
24 58 190
7 18 5113
36 43 622
62 87 4644
38 62 4674
62 70 519
55 65 3316
6 89 2936
41 82 5776
15 34 4888
39 59 3436
12 39 2482
62 92 4177
39 63 4242
32 41 990
35 78 2749
25 55 2906
53 77 1307
10 52 2722
5 31 3329
8 24 3317
7 82 2878
14 35 5943
3 43 278
15 58 1604
8 10 2846
15 42 802
81 95 5668
11 18 5713
0 89 4831
37 73 2638
18 19 264
30 39 787
0 76 3316
32 89 1552
71 89 442
56 99 4828
2 81 1474
30 94 2933
3 9 1783
18 65 5735
5 17 4079
34 89 5621
43 97 167
11 21 4251
0 15 1712
49 88 5262
24 43 1417
22 36 3920
17 66 3409
10 73 88
43 57 865
19 92 3582
2 18 4768
83 84 997
27 87 1813
32 69 5510
1 26 1725
3 79 5692
47 96 278
28 99 4586
22 39 714
63 74 359
0 38 4471
48 66 5357
27 47 3557
45 97 75
33 77 3434
73 87 4714
12 91 2266
31 66 5626
36 81 3748
6 32 1204
37 69 5759
91 92 5644
7 8 1122
65 90 5795
55 68 5150
20 55 341
70 90 3589
23 51 1311
44 95 4820
48 59 864
26 84 2711
18 77 3174
17 45 1797
1 96 5324
71 88 4904
15 23 2130
5 6 1289
3 40 34
34 48 3387
43 76 5557
83 99 808
36 46 2510
11 96 5234
29 90 3378
23 55 3055
44 75 3425
10 79 4586
7 43 622
44 82 3373
67 88 5680
67 80 384
15 17 1850
0 36 5644
30 81 912
16 38 2928
25 90 4148
48 73 4564
56 96 3242
61 92 5887
20 96 3142
37 86 5160
20 95 765
4 90 2944
46 63 766
1 12 306
47 94 5937
17 31 1197
65 69 2915
27 71 869
16 23 5833
2 95 1171
8 85 5824
0 87 2979
16 27 5337
51 83 2750
0 88 3426
17 74 77
15 48 2740
7 58 2641
26 53 1666
65 82 2927
77 80 1866
23 67 5007
63 76 5902
42 80 5099
49 93 4807
34 37 3872
0 34 836
50 96 2850
63 84 2328
20 50 1524
2 38 3910
66 96 5677
22 25 254
62 93 3632
10 92 15
17 78 3536
77 84 2631
18 34 401
74 98 4579
33 89 5225
92 99 457
50 89 3560
20 23 5576
6 77 1911
13 55 4966
11 77 4796
5 47 5487
5 23 1462
30 57 4615
38 59 758
55 85 2302
35 81 2366
51 73 4442
4 62 5381
19 79 982
39 66 4894
16 19 4491
45 65 1563
2 99 5160
70 92 994
31 73 3622
60 67 5670
26 85 3584
39 61 1828
64 89 2317
24 47 5727
31 44 1794
37 83 3329
17 70 1975
47 57 2464
75 91 1799
25 84 3687
55 94 4295
45 87 2868
17 97 2944
7 40 4177
11 83 3772
17 48 5412
51 68 581
76 81 1259
3 74 5912
38 44 5512
72 97 2262
6 9 736
42 67 2011
7 12 5803
50 59 5404
58 97 4622
28 93 2775
15 72 4156
62 88 1241
26 34 3088
35 46 2632
17 89 4063
31 91 1395
9 89 5907
58 84 2354
23 69 4439
1 10 4625
6 88 671
39 89 226
69 84 4916
0 99 2737
1 57 2035
42 69 5991
15 98 719
59 79 5229
11 48 3332
85 95 1193
12 97 1091
23 45 363
0 20 3658
59 91 686
42 89 5968
44 63 4913
10 51 4688
39 90 625
71 98 317
13 60 4585
35 91 2919
38 91 4439
6 90 2138
2 64 4268
32 57 4532
37 71 4550
11 56 4730
13 64 2340
20 61 5487
38 46 3432
1 47 1878
36 67 1756
3 57 1957
18 55 62
82 92 3321
20 30 204
53 95 3834
17 26 4192
27 45 2056
26 63 481
27 60 3001
17 90 3561
12 75 3148
38 55 4993
48 78 2357
13 85 1980
8 50 506
57 86 4043
9 40 4417
3 37 5011
14 43 3775
1 93 607
23 46 5350
23 34 4838
32 71 5299
1 58 794
33 97 3952
82 87 4827
37 87 5467
26 69 1377
73 91 1439
23 75 382
46 89 5274
45 71 2114
87 99 5157
82 97 3943
24 50 4057
83 88 5939
7 52 1347
40 86 3868
89 90 3886
6 50 5235
4 69 2019
37 64 3788
19 72 4203
33 83 2620
64 65 2134
12 74 375
80 91 3484
52 60 103
5 50 3507
3 98 5238
4 64 266
88 92 187
0 48 4957
37 72 1052
41 52 4453
7 42 4093
13 39 3035
45 49 3225
11 33 4322
0 2 1393
20 45 2641
44 54 5611
23 44 5466
71 83 3180
75 77 2409
74 80 5019
76 89 5782
18 28 4575
6 65 4960
24 48 4637
64 67 1038
70 77 4827
64 77 2498
40 90 4756
45 95 3209
46 69 3517
31 70 5438
17 35 1828
6 16 1134
13 41 226
76 96 2925
10 77 759
25 38 2630
10 80 3188
76 80 5822
36 91 1030
6 99 4125
56 64 723
0 79 5748
56 74 4285
18 85 4805
17 36 2324
15 24 153
2 22 3447
53 82 345
46 84 5740
5 21 612
33 64 2746
24 36 3047
18 57 1753
32 80 3216
50 53 1378
20 85 4433
26 78 1229
20 91 4565
10 72 1033
32 66 2117
63 64 2271
10 75 5412
2 73 72
20 37 5
56 77 5178
9 99 5926
59 86 5321
34 79 3109
19 31 1455
13 89 321
54 55 4348
28 96 5497
21 76 4743
19 76 1164
3 91 2583
46 79 3483
7 79 4899
20 98 3656
27 66 1123
34 66 4548
86 90 2152
39 53 609
58 70 4397
20 83 400
30 75 2569
59 71 1059
21 81 1791
34 36 1629
4 85 3249
25 47 1814
45 88 1883
4 72 598
30 44 3614
71 91 4687
0 92 467
16 82 2605
34 67 509
11 65 6
38 53 1526
19 75 2316
37 80 2554
34 99 4099
22 41 2835
34 59 5553
44 68 4664
0 5 333
27 88 5083
43 91 2001
98 99 2974
41 66 2125
7 30 4437
41 65 3174
23 98 452
5 34 4656
63 73 5284
46 47 1290
45 59 5822
0 7 2948
1 56 2102
20 44 3920
59 81 1335
21 94 5752
67 99 5892
35 56 5115
56 79 3973
34 61 2824
45 99 4452
62 76 5606
13 52 1196
49 91 3470
26 39 4503
15 28 1020
66 70 4014
36 55 5705
69 87 5738
9 97 3707
9 36 3258
3 67 799
14 97 5539
24 87 3908
15 76 5017
23 96 1162
4 58 5567
65 92 1855
28 39 1059
11 38 4070
31 62 307
48 96 3483
26 89 2392
71 74 5669
58 64 4302
4 14 2035
27 63 4858
6 23 3568
43 92 969
0 10 4017
36 79 4953
75 82 2048
58 68 3609
20 90 3979
36 96 1639
26 96 3538
1 9 1788
70 84 2222
39 69 4477
13 17 4934
18 56 4425
59 87 429
19 91 2580
52 70 5892
38 82 1930
1 95 2021
37 97 1345
53 83 3845
55 91 2742
23 73 3340
28 31 304
13 34 2387
14 24 510
57 83 530
77 97 2953
15 37 2813
30 61 1401
51 53 4814
26 44 1565
49 77 4874
5 79 1914
33 63 4507
16 42 2974
17 98 5785
49 63 4598
13 58 2
59 64 1635
34 68 2177
6 78 4177
30 71 1611
39 64 4162
4 48 3775
14 54 2320
32 76 4646
80 95 2847
90 99 1821
35 36 2775
36 53 4502
7 77 5598
32 35 3234
15 99 4645
21 90 2048
49 87 5452
17 86 3356
24 70 86
20 86 2664
21 89 2766
4 18 4163
38 40 4491
9 18 3960
23 37 3441
2 71 2494
51 54 1913
67 69 1613
8 76 634
36 64 502
30 77 2709
68 91 2500
33 81 1270
15 16 156
57 78 3763
67 73 1476
25 74 2022
25 37 2907
14 46 629
80 84 4283
38 97 4507
62 86 2905
35 76 1830
38 79 3256
0 57 3748
61 64 3430
72 74 3358
6 60 5962
40 56 348
44 85 4387
6 20 876
44 91 2094
56 95 2750
13 16 526
71 77 5554
51 86 2679
9 51 26
32 36 391
50 99 968
40 54 3576
11 29 4739
10 86 2434
16 56 1578
36 38 3703
21 73 4202
22 90 4962
0 1 5864
43 82 114
35 90 4076
8 13 5489
18 39 4714
31 45 1346
42 63 366
17 61 2005
38 67 1467
40 61 3073
23 76 5838
5 14 5466
6 81 3540
16 71 3266
51 77 3671
26 66 182
53 55 1928
13 37 2314
51 79 5600
1 43 5364
7 64 1971
28 72 3557
0 73 3426
52 72 537
33 47 1581
46 71 1893
45 76 820
27 41 5182
24 93 3761
13 93 152
41 79 267
0 71 1717
33 68 3014
9 67 378
53 59 781
43 51 2556
20 57 2022
18 99 2957
54 59 5783
44 86 3365
53 74 5176
41 70 1715
50 64 2778
44 81 974
52 75 2587
14 21 574
39 42 4682
32 46 2672
16 90 2547
50 60 3532
60 83 1214
70 97 5632
6 29 738
2 37 2693
1 36 2948
5 9 2813
1 5 2409
60 91 5791
59 67 1733
68 79 3350
60 98 3569
34 72 1374
0 77 172
39 72 4562
22 57 5741
10 34 3615
41 92 1306
7 20 624
89 97 2886
3 65 3177
46 76 5145
29 43 3293
2 96 1286
10 20 1542
74 79 860
17 83 1379
25 94 685
14 78 2308
29 94 3873
91 98 1660
91 97 5451
29 66 1291
1 2 465
32 83 1789
8 84 2785
29 35 3314
13 19 3171
49 94 2192
24 49 5327
5 55 372
22 64 4558
5 36 4738
0 32 5089
51 72 5465
90 94 2213
42 57 1870
14 93 688
61 99 772
13 40 3568
9 50 3034
44 98 451
35 93 2213
50 54 2255
5 99 3955
20 92 3847
14 53 4506
68 89 1113
8 31 667
36 52 1014
32 98 5977
62 91 2165
18 36 5483
11 53 2727
77 87 1471
19 88 5
14 76 1261
3 46 3371
45 62 678
6 25 4020
3 21 3987
52 65 5017
24 51 3279
33 82 2469
65 74 2705
64 69 724
0 81 1438
28 92 3863
56 94 3974
1 48 1759
36 95 1644
2 52 5577
82 95 2252
19 94 2923
12 40 5669
8 66 5214
33 36 239
37 66 1921
12 58 5812
35 50 2402
12 67 5793
13 45 5936
33 60 5134
19 49 131
12 54 1494
0 74 2064
12 55 1319
9 74 1364
24 62 2633
44 47 1288
65 83 3171
18 80 4480
36 86 4770
0 49 1833
36 99 652
22 78 3273
26 60 1408
31 86 544
44 52 4664
61 62 474
37 94 1981
15 60 3173
8 51 3305
15 31 3961
25 59 567
86 88 4198
49 58 5171
50 78 5282
28 59 309
43 49 3896
17 62 1062
8 95 1979
2 89 5487
9 53 2648
8 87 705
74 93 303
26 87 2753
58 79 2159
43 45 2115
44 88 5671
61 87 1234
21 78 1764
85 88 147
19 44 2543
56 59 2370
71 95 679
18 53 3390
21 93 4263
54 74 4631
28 34 1107
59 60 696
41 47 3000
46 60 51
86 87 2701
19 28 2764
0 65 2942
77 93 5493
43 50 2224
21 96 2170
26 80 4454
73 98 4693
54 68 3235
44 51 5860
19 21 5180
21 23 1104
17 67 2242
33 95 4145
42 66 2357
26 51 2002
74 87 293
55 71 2509
81 97 3304
21 45 3681
22 49 2636
30 74 2482
26 95 165
44 62 232
47 73 5531
9 46 1648
6 26 988
3 14 3987
21 72 3548
30 88 171
9 32 4797
53 85 214
45 66 2916
12 34 482
10 40 2310
37 49 1534
4 98 5794
23 62 4691
19 54 5724
12 48 5271
70 81 2263
24 92 5403
16 30 1918
5 91 2408
37 45 1045
5 56 5055
64 85 970
64 75 4732
59 95 4670
21 84 1846
16 60 3459
61 75 5409
76 88 2410
2 34 3089
69 76 4168
19 45 5628
31 76 143
35 57 1867
24 79 309
37 63 21
0 91 5391
40 63 235
51 81 4012
13 99 4377
14 52 1585
7 95 3653
23 52 4654
80 83 5499
2 77 1667
22 61 1775
61 68 4434
28 54 4828
40 76 5074
40 99 5347
69 72 3441
37 77 15
50 90 3114
13 65 5929
52 86 3788
4 20 4747
87 93 5684
43 66 1671
7 65 968
45 58 2545
5 37 4392
5 64 2005
35 98 5019
57 67 5071
28 80 3445
20 65 1081
50 91 3838
22 86 1789
19 85 1459
50 81 2142
27 82 16
32 37 2258
67 89 4522
70 80 3493
87 98 4086
4 42 4664
0 6 3505
72 90 1595
15 32 5274
10 14 5676
35 71 5238
9 49 4357
9 88 5429
33 86 5472
29 58 1469
74 81 4793
30 38 1427
60 84 5990
7 70 2663
10 27 2990
60 92 3475
72 95 5675
13 91 5699
57 97 1098
17 47 4575
57 62 4813
16 43 3687
37 99 560
65 97 3599
2 30 3069
37 67 5381
16 36 2476
64 88 2543
21 99 1005
59 70 776
16 53 5528
30 90 1688
5 28 4702
15 81 3213
16 34 1978
53 54 4415
2 21 213
57 96 1276
2 11 3173
21 82 2403
8 33 4831
34 46 550
42 81 3694
7 99 4411
20 64 1821
20 97 3591
71 75 3777
77 96 1787
17 56 446
13 30 4262
45 53 4667
55 69 4430
78 79 3565
72 79 5373
47 71 2130
12 98 4758
12 14 4103
24 84 3828
1 37 2319
25 46 921
8 32 860
40 74 4036
53 56 2843
70 91 4142
12 36 5992
2 78 4329
21 33 3261
52 93 5770
45 74 4709
5 16 389
40 64 4126
57 71 5228
67 74 5267
85 97 671
42 56 5569
38 68 385
57 92 840
40 98 3568
15 30 871
77 86 2098
10 26 5105
1 49 1912
79 93 836
35 54 2467
78 93 5958
31 61 1642
55 93 2113
19 26 3939
71 87 1113
30 92 1250
61 89 624
37 52 388
22 97 3013
5 13 1043
43 62 5706
20 76 5113
57 66 1954
21 58 2731
51 59 4114
16 25 4349
49 83 2196
19 67 1258
34 63 914
38 60 1509
40 92 236
43 48 841
57 87 876
31 40 4156
55 90 2086
41 96 3249
43 99 2116
29 59 2835
47 77 1303
88 97 2439
44 76 5247
8 42 324
13 97 3684
65 87 2596
1 45 1884
22 80 1948
48 93 4043
37 90 1654
46 77 3638
38 61 2616
92 95 4018
16 67 5762
95 98 1993
10 50 4196
30 91 809
33 88 2341
4 79 1648
5 53 3834
6 58 1585
35 88 5673
68 82 4377
45 57 2178
53 90 3178
66 69 4846
4 21 2207
23 91 1283
33 67 1207
37 76 5915
11 86 2207
36 85 1990
26 30 3732
62 77 3920
53 68 2647
28 46 1048
18 42 4424
25 52 1461
26 43 5720
0 75 5667
17 20 1955
44 66 799
12 37 624
5 44 1243
35 86 2649
31 37 5796
33 34 1219
53 61 4494
31 64 1066
15 61 3797
32 43 1347
41 42 4103
2 83 913
9 58 401
23 92 2710
3 88 3167
51 63 78
0 27 3185
29 51 5556
54 58 1272
6 7 2380
37 43 4449
33 38 621
57 75 5956
5 94 565
27 68 3613
83 86 35
8 11 3769
54 82 2828
16 78 2417
25 92 372
3 16 1090
23 64 2299
31 36 4707
31 85 1524
32 42 4193
18 20 5411
1 13 1606
30 67 893
28 49 1549
31 39 791
9 10 683
17 64 5567
12 96 2231
25 36 176
30 87 3374
46 62 4895
38 64 4270
4 34 5545
9 86 2436
33 51 2190
67 92 1391
16 26 4936
2 90 2796
27 29 2190
11 64 570
30 37 3400
58 99 3606
14 20 2866
18 60 3292
25 95 4349
22 99 1301
10 91 6
93 98 3950
21 97 4483
34 97 4122
6 85 4978
18 38 1837
87 96 409
89 93 275
53 86 1093
32 92 4632
43 47 4252
39 85 4901
14 42 5374
7 68 4059
27 99 4320
21 49 2840
74 82 430
2 50 2212
1 14 292
23 97 4686
5 57 1678
6 61 486
4 9 4978
26 68 4958
10 19 5520
24 60 5692
54 95 3282
74 91 4839
65 86 2362
18 98 3297
17 76 5589
85 89 805
43 58 437
88 94 1194
72 89 2503
8 23 894
33 61 2165
0 64 4192
22 69 5539
63 81 2258
14 45 5872
28 76 835
39 98 3825
57 88 4402
68 73 1102
12 80 2808
79 95 3572
52 88 3261
40 42 4371
10 76 4971
47 92 5680
69 85 2940
49 65 1441
79 82 5265
3 58 5806
29 86 4464
8 55 5280
19 60 195
38 92 2882
48 92 1156
22 72 2638
0 97 1570
15 50 527
1 27 2068
21 65 1865
25 42 670
21 52 1655
38 56 4506
80 81 906
21 67 370
15 55 4646
7 19 4072
17 41 5502
65 75 455
32 73 5468
4 95 520
34 83 5887
62 75 2071
2 42 4148
64 91 2719
64 66 4659
35 41 2374
58 82 74
41 63 5522
80 99 3582
49 61 4976
30 95 4832
12 92 1173
16 57 4599
7 22 5134
29 42 2571
52 79 1749
58 91 938
28 53 4066
40 69 1971
14 87 5158
1 17 3209
58 59 4286
7 23 5215
14 58 4133
1 4 3130
52 87 4597
26 62 3694
4 47 3349
30 52 5324
11 39 333
58 95 1374
15 57 5045
14 57 50
67 83 1809
71 81 3545
49 81 4211
21 60 1901
31 97 4163
25 79 137
2 28 2073
25 75 2018
40 73 3835
14 96 1241
64 97 1657
24 71 4674
7 78 4837
6 39 256
10 28 1771
40 66 4737
90 91 3778
31 41 5365
47 74 5268
21 77 727
43 87 3548
7 31 961
14 39 1152
76 83 592
34 91 5147
36 98 5456
37 98 444
25 82 5653
3 78 1342
60 69 1746
40 48 48
87 94 77
17 28 350
20 82 3076
47 81 2765
3 15 406
5 52 1557
48 63 4678
34 96 1477
64 90 2769
25 91 2230
56 68 474
20 93 398
62 66 2926
22 66 2093
4 36 2589
29 49 3817
34 73 165
39 46 1524
14 48 2024
70 93 3247
75 96 1158
4 83 1183
48 52 1151
7 33 4089
29 91 121
64 71 5816
25 29 2618
26 91 264
25 78 815
22 32 3663
51 75 4188
2 65 2720
20 79 5952
14 91 5930
60 62 3900
62 67 4831
63 94 5441
61 69 3812
13 59 3903
13 90 5283
41 81 262
49 67 5405
37 50 1947
37 70 4797
31 78 1043
40 44 5292
17 40 360
13 86 2874
92 96 1750
0 59 4420
34 60 5916
13 29 2465
44 50 172
30 72 4491
4 22 1178
33 94 4225
15 35 2539
16 94 3852
15 74 3576
53 91 5194
47 78 3329
10 31 3781
2 41 1662
18 62 5047
36 71 3980
71 82 5901
3 96 3641
15 71 202
17 63 110
50 86 3653
51 52 4718
27 43 5780
33 48 1726
46 80 3812
28 91 752
8 75 5121
57 79 3534
74 88 194
6 83 5598
39 87 1149
66 73 3877
45 73 1045
92 94 1610
41 93 4693
1 28 909
14 88 4266
27 48 2369
68 76 2770
20 39 122
30 48 279
27 90 3489
32 51 1314
27 56 4282
5 43 3315
31 82 582
24 57 3012
19 65 3
11 75 149
14 17 1617
26 75 1385
52 85 244
5 45 3832
52 99 1664
26 37 4224
70 75 1369
10 87 4468
48 91 4732
42 73 4667
55 86 2061
6 35 4309
30 51 3838
32 44 5398
55 84 2908
67 75 2180
35 94 585
91 93 4814
72 73 5060
23 58 3813
39 74 2449
43 88 2433
12 26 803
30 43 483
27 92 3950
36 77 2966
43 77 5402
45 80 4224
88 96 1178
1 76 1168
41 68 4830
18 44 2792
12 61 2274
49 54 1717
20 51 928
1 72 1709
17 95 5913
20 36 5731
27 46 4639
41 61 3961
32 54 1172
29 88 1930
18 35 4479
43 96 5928
84 89 2010
30 46 1532
5 59 5768
33 73 4907
46 49 3892
42 82 4076
68 96 5720
55 87 317
25 66 5770
14 33 2656
45 48 938
26 73 2577
66 84 2924
49 51 1916
40 82 5098
14 92 4017
16 33 4376
4 6 4103
26 42 5256
22 62 601
31 67 5702
18 32 3315
0 50 325
18 24 4443
22 29 5001
85 90 4190
45 90 2122
57 61 238
21 98 1100
10 60 1574
1 70 3445
70 94 1528
22 47 5592
67 97 3260
66 98 2917
52 69 5380
15 19 1899
25 32 5511
76 85 4266
5 42 5470
77 91 1368
62 94 833
6 8 3970
22 34 4674
1 69 3878
36 68 2656
70 85 2040
5 87 390
2 19 1475
9 21 4366
78 90 295
13 27 3814
8 91 3565
59 85 2618
8 97 5519
5 22 2565
11 50 4660
5 68 5181
26 38 4732
5 75 5688
27 78 1689
10 62 3463
9 80 2374
62 63 5609
45 50 5659
26 28 898
8 16 1087
45 77 2321
8 59 559
4 53 4849
28 30 4388
1 75 2637
88 95 5170
29 92 5054
25 40 4141
8 82 2538
46 75 1284
34 84 844
9 87 4998
20 24 576
12 87 3056
4 25 269
38 71 5703
64 99 1079
12 68 3202
21 57 3001
41 53 5183
69 96 3166
2 9 650
4 31 4175
60 71 397
40 91 5135
73 89 1801
16 59 2534
44 73 4961
26 67 2055
24 67 2209
60 70 502
12 89 5510
11 43 3695
47 72 4467
16 55 185
15 64 1612
18 21 276
56 85 2262
30 78 5869
65 72 1763
80 85 229
4 70 402
9 63 499
19 61 2801
15 67 5774
15 52 3932
38 96 5550
23 68 4557
85 91 4811
35 87 622
15 27 5992
32 40 4203
44 94 4439
27 79 4132
5 63 5074
60 64 4887
55 66 5814
49 70 156
80 82 3001
23 54 2974
14 49 5961
34 81 2411
18 86 438
33 57 733
31 96 4769
86 92 520
83 91 2484
11 52 204
43 53 4659
12 65 4832
5 93 3752
33 40 1509
18 82 5780
62 90 5496
6 46 2492
69 75 3771
5 86 986
59 94 822
48 67 4297
35 38 1568
2 40 4067
32 52 974
44 45 1119
37 59 225
22 91 3790
56 69 2233
31 81 4753
27 34 4833
14 77 2546
29 37 5586
64 86 5740
43 56 5651
46 87 5886
23 39 1948
18 76 506
41 43 179
21 71 5186
17 77 4376
15 44 1610
16 73 147
23 72 3430
75 76 2908
4 68 1861
21 64 2545
20 38 278
15 18 1927
74 97 4974
54 72 4522
9 90 840
47 62 3820
49 92 4636
60 93 4629
9 68 3572
65 77 2298
61 86 1134
10 37 1404
18 50 693
74 96 129
19 40 3643
54 79 1824
5 92 5489
8 34 3266
9 59 1714
2 23 2573
1 80 1153
50 82 3420
80 98 3883
10 43 1509
28 73 3118
4 74 5779
2 82 5604
13 75 4821
45 52 2132
24 78 2900
19 58 4792
23 70 1196
10 49 2859
59 80 507
32 70 4267
1 98 5138
12 82 4470
2 44 4062
63 69 3433
89 91 3972
29 63 1861
45 83 5518
58 65 4129
23 93 1155
92 97 3811
29 95 4513
9 16 5344
26 57 765
38 94 4684
4 7 2848
43 93 3103
10 66 1939
15 66 826
35 95 554
10 99 3692
39 54 1879
83 97 5857
16 96 3288
40 93 1424
43 52 2845
11 85 767
95 97 3541
2 55 4170
2 26 838
68 78 3829
1 29 1883
47 76 3913
57 65 1294
17 54 3391
7 54 4445
1 16 5861
36 56 3529
78 81 3215
22 24 5849
96 98 5488
8 77 811
2 7 1825
42 70 4063
29 60 3253
9 31 5335
56 58 2207
69 73 4224
7 49 4191
49 76 4003
96 99 336
7 39 3561
46 72 1655
4 65 4957
51 58 5653
46 97 5825
10 63 1500
11 34 1939
64 83 2251
68 83 1599
73 94 1005
9 94 4360
11 28 302
7 45 3864
19 83 2355
20 89 3573
11 60 544
12 45 2573
29 67 930
36 59 4028
78 89 173
33 41 5223
17 72 3797
35 39 3495
34 50 2682
31 49 3196
4 96 5706
39 45 1864
41 77 3521
37 84 1118
95 96 5187
81 84 4444
50 97 2632
20 29 5198
3 85 1728
61 93 2879
26 54 2624
26 70 1012
0 98 4049
60 99 5941
50 76 3550
18 64 3907
69 81 4246
11 23 749
7 81 5271
30 64 1110
15 54 5791
2 51 1342
75 98 5625
38 80 4891
6 57 1840
11 76 831
34 41 3776
75 79 4213
40 43 220
8 54 5779
11 57 5448
43 89 4087
26 36 2865
71 97 5777
58 89 2031
67 78 5633
13 92 2032
82 85 4488
70 72 1381
62 84 4008
3 56 5735
37 48 4106
26 45 4443
78 98 5188
7 28 3121
22 93 2091
19 50 3610
1 18 241
4 56 1757
49 79 2574
0 12 2022
12 95 3605
73 97 1689
32 96 5300
55 75 1848
57 84 2658
86 97 4772
30 54 992
32 79 5290
32 81 2842
11 47 1017
31 47 90
55 72 1052
42 71 2467
8 68 5278
13 49 2840
2 67 4361
83 96 1854
1 66 5358
0 53 3961
87 97 3987
34 95 5874
35 80 5202
58 74 470
56 78 4460
3 11 1319
41 51 2762
11 82 2995
33 71 1434
50 58 4440
65 66 5852
18 72 5518
35 47 3476
23 49 497
17 33 3288
28 48 5412
48 89 4507
23 89 3725
3 29 3313
28 68 1193
60 76 1098
4 94 738
0 47 2222
26 27 3935
18 91 1981
60 66 243
34 52 5515
19 38 5079
3 28 5268
12 41 4995
7 94 405
29 74 416
0 86 2380
31 60 5119
4 60 2690
16 74 4704
38 72 1791
79 97 5285
9 78 1961
33 54 3882
3 25 944
34 93 1293
8 9 5484
18 71 2079
8 56 5810
8 99 4995
18 33 4130
44 71 40
50 80 3673
51 80 2472
55 57 372
54 67 5808
33 37 5857
23 85 1760
51 71 3083
63 97 2813
55 63 4470
1 30 4157
96 97 5348
66 71 1345
25 61 1317
8 58 4219
42 94 3444
74 86 4236
11 98 1976
50 98 3488
4 33 2583
8 26 3443
44 74 199
8 83 4809
3 50 5272
1 25 4659
39 57 60
47 68 1854
54 89 2297
42 87 5535
88 98 2318
42 78 3307
30 59 3978
29 80 4618
30 68 1466
42 54 2815
35 53 1983
46 65 5387
59 72 2811
72 88 2306
56 71 1321
36 58 1010
72 94 660
19 24 4340
25 30 3357
5 29 3176
25 34 812
48 98 5594
1 83 3269
54 63 5349
74 75 1396
63 85 1230
3 52 5555
22 58 4932
8 12 5002
16 54 5663
11 25 1741
6 52 5668
75 89 2912
34 43 2042
47 97 969
48 71 4031
61 95 369
35 75 5160
33 45 4968
63 89 4731
75 84 1873
28 52 5542
29 38 2130
83 90 1564
62 81 4223
12 52 5709
59 68 3238
13 56 4727
6 38 3414
21 80 4165
59 78 5395
36 39 3810
44 89 944
64 92 5668
9 42 1362
26 52 622
58 67 2775
7 88 4285
47 67 3860
50 52 472
1 86 2427
13 15 4184
36 78 5239
36 70 1750
1 3 4892
28 69 1557
72 78 882
93 94 1324
32 67 538
56 61 1976
38 98 4527
12 99 3495
19 27 2661
36 69 1548
38 73 3657
68 86 3905
70 86 1489
44 79 4248
2 88 2383
30 84 1388
21 95 5139
30 66 5191
85 92 1329
47 66 3867
67 91 5631
27 80 2148
17 60 4702
17 25 3264
34 94 5871
19 66 948
24 34 4503
17 58 1213
33 78 887
18 27 4860
10 57 801
2 76 5190
8 22 4319
29 48 214
49 72 2879
35 67 426
34 65 2814
39 48 5573
36 45 3127
28 94 798
42 93 2049
10 78 286
23 36 2901
58 62 4787
52 64 3964
6 59 636
37 96 371
18 63 821
1 6 4223
3 92 5667
37 39 1185
49 56 4829
0 22 5670
81 96 3139
23 26 3599
58 87 5537
12 35 2755
54 61 4257
67 90 548
1 35 1710
11 40 5932
18 78 4749
45 56 5828
0 43 2237
8 70 5166
8 25 5066
5 10 4559
4 91 3485
15 91 2360
49 66 3555
21 31 2316
18 84 1167
12 22 5420
35 73 4952
37 41 1066
16 41 5284
32 90 2532
83 95 3574
0 85 2931
23 30 5999
51 70 3514
22 79 1733
68 98 4921
1 67 4256
13 33 3551
32 64 2402
36 73 323
3 12 2251
44 49 1018
51 91 5703
46 64 1386
21 27 3839
60 95 5913
34 75 1346
78 88 2057
25 50 3315
13 74 4321
51 98 5855
4 59 5909
5 95 2251
2 66 4094
41 99 203
8 36 2802
48 90 3288
2 24 2362
46 52 5124
37 51 5159
10 46 1344
6 43 295
56 76 3759
13 63 4917
28 75 3889
24 91 306
8 14 1938
13 73 2378
25 76 2502
0 4 2230
21 59 4101
2 16 3634
6 67 3432
20 25 662
47 63 1091
73 78 754
25 35 636
14 50 176
69 71 617
14 72 1825
0 68 613
77 85 275
36 57 374
66 87 2602
28 78 3113
0 39 1145
74 78 3406
1 8 602
39 51 2089
35 59 1607
28 82 4382
63 79 3227
42 46 1898
58 94 4270
53 73 5767
45 72 1323
2 13 2197
12 59 507
17 29 3117
73 79 2725
63 83 2217
66 88 959
69 79 3457
73 88 4039
15 88 321
94 99 5612
25 68 5352
3 18 2646
30 83 302
36 65 5948
37 79 3207
47 83 2760
20 40 2921
73 92 4363
21 54 2252
4 19 4819
2 48 2547
8 57 5447
51 90 4819
66 89 3122
35 96 4714
78 87 4254
21 26 3996
72 87 2411
19 98 4385
61 97 5603
47 52 1463
55 56 5952
16 37 4608
68 75 1869
69 80 4151
33 74 739
79 83 4779
61 85 2070
6 13 1927
82 94 1723
3 80 5434
9 23 1555
4 35 4066
23 53 5235
42 79 5258
10 65 287
68 94 5507
1 33 394
12 43 4964
17 44 874
7 83 5884
31 72 3095
53 98 1652
29 61 1476
59 74 1689
73 77 2505
23 66 3459
1 15 1108
58 86 614
79 87 2174
67 86 29
0 41 1513
24 82 3514
22 35 5179
20 54 3868
58 96 945
73 76 2582
11 13 5375
27 86 1602
66 97 5946
36 44 433
72 99 816
25 72 1842
67 71 864
51 99 3319
9 45 5018
78 83 510
59 76 2543
22 87 1228
43 78 1041
45 96 2011
69 70 1688
23 29 5193
54 91 1863
28 42 1589
55 83 1619
59 93 1506
9 41 5587
5 40 5980
33 76 4670
10 32 3121
5 66 4837
41 56 133
0 63 3508
8 39 808
11 12 2346
35 62 3089
35 49 2341
30 97 83
77 89 1464
65 91 2894
30 76 1737
58 75 929
7 9 3425
44 60 2937
3 82 5273
16 20 4950
7 72 4182
28 85 4970
2 79 1854
0 54 5555
53 63 669
28 45 2336
5 70 2220
31 98 2651
89 95 1085
41 91 3533
19 46 958
57 98 2283
21 92 5949
27 98 572
49 64 2574
2 31 667
25 73 5611
4 80 987
10 59 3559
46 66 4192
32 38 3184
3 64 1511
64 96 4195
51 66 4163
5 12 5704
69 94 1556
61 63 5396
55 74 855
61 76 2182
22 92 4143
63 78 936
48 86 730
0 72 5237
13 96 3010
68 84 4175
23 74 2374
44 59 1498
25 96 1447
37 53 4136
88 99 3558
28 33 4194
24 86 1115
1 79 4631
22 48 3714
9 91 4741
50 72 4586
13 66 2843
5 76 4509
10 58 3500
7 63 369
57 60 4145
56 83 3427
9 79 480
79 94 2808
14 60 5394
45 69 2291
8 38 3070
39 97 3371
33 62 4459
2 3 337
37 85 1986
13 69 92
43 81 1186
83 89 3316
11 73 3846
43 68 3972
20 84 5140
52 82 3985
84 85 3259
55 81 1995
0 82 1855
17 57 1182
27 32 993
14 94 369
21 69 5957
4 71 963
26 77 2700
22 81 3887
34 62 1732
17 23 4507
6 10 5935
0 90 1638
50 92 227
25 97 5674
10 42 302
22 71 4682
24 56 1575
11 17 5858
4 29 2617
42 72 2776
29 84 5904
44 96 5728
72 86 644
26 31 3721
35 65 3407
59 90 5662
16 92 1140
27 70 5241
76 94 1462
30 63 682
10 41 5076
56 67 5935
60 77 1748
19 32 4726
84 96 4083
17 22 4481
44 92 2911
16 35 3922
71 99 5220
78 82 5297
23 80 2427
80 88 2286
27 61 2462
52 68 4703
10 97 325
52 77 5088
13 87 3458
64 80 2360
18 95 1690
37 92 5665
4 88 1624
47 65 1863
7 50 4616
0 9 4131
56 81 5188
1 81 2470
56 92 3579
61 73 4201
22 43 1626
10 93 5427
23 82 4295
48 76 3504
10 85 4771
77 94 2088
2 45 5170
74 77 4866
38 66 2574
66 78 4438
37 44 3318
22 84 1773
3 49 1274
12 70 805
6 68 1416
4 52 2774
19 82 4508
28 71 4653
68 71 4258
73 85 248
50 83 1803
43 63 3422
30 36 1216
48 97 1686
12 29 2796
57 81 4029
31 43 4476
1 54 2723
0 66 5366
69 89 4747
12 31 3717
52 54 3936
2 17 2469
21 56 4649
8 81 4479
25 58 2994
34 54 5642
47 98 1652
58 63 1794
28 32 971
28 38 3433
12 69 1939
41 54 5581
32 91 2910
18 45 4000
12 73 5021
29 72 2897
83 85 2266
2 15 4624
13 24 1624
50 93 4109
2 75 1241
84 92 4000
49 95 2277
29 45 1230
9 93 2731
19 30 5485
46 96 5346
81 87 5875
29 82 3878
57 95 5503
4 75 1542
38 86 5043
72 92 741
35 85 2016
31 87 405
28 87 1616
10 94 5738
12 66 5524
6 47 3770
1 74 320
30 31 5620
12 86 2160
20 21 4741
51 62 3092
15 89 4502
35 51 5237
48 72 1755
68 93 2241
19 59 2591
38 39 2799
15 92 5219
25 98 5922
6 30 2310
14 82 2643
4 17 1456
13 32 3775
1 19 2749
16 45 3075
46 73 1363
62 99 5031
76 99 3073
60 97 3819
18 48 2389
52 66 5791
37 56 734
32 99 5089
17 87 643
10 39 1236
46 86 1735
20 68 1
0 8 2710
48 49 701
74 84 4410
13 18 5312
1 7 3060
53 75 5241
21 63 204
39 84 4353
15 20 5352
14 79 5803
48 68 1293
24 99 4169
6 41 341
18 75 817
31 79 1477
8 93 2539
15 97 1093
22 59 4404
15 46 1494
11 20 3965
66 75 422
26 81 195
55 77 1025
52 62 4215
2 33 2636
14 36 5538
14 85 2687
16 80 5901
18 97 5702
39 80 4688
31 55 1015
21 30 2266
26 74 1244
57 70 2583
56 88 3784
10 54 293
23 79 3449
55 95 2714
3 62 1613
68 85 2242
25 54 3421
72 93 1498
64 76 2097
76 97 1538
13 51 1612
69 98 106
52 97 5777
8 89 2475
2 94 129
61 77 3039
18 54 4995
12 23 3860
62 82 23
22 26 4412
9 76 3193
77 95 4471
51 92 5792
13 26 289
7 90 5564
22 74 5959
9 96 3656
2 49 4029
19 84 5891
20 22 245
63 90 718
7 35 2086
76 84 1195
43 95 2572
74 95 3864
71 85 754
29 83 5613
77 83 5535
28 50 5586
11 78 2841
77 88 4837
63 86 5520
33 35 235
15 90 3589
14 15 3871
41 62 3021
15 87 915
11 91 1343
36 63 4814
50 94 1362
28 37 439
63 77 4623
3 26 3424
54 60 803
8 94 4639
21 24 712
17 46 3748
27 95 868
6 14 4291
1 42 1582
60 94 4941
28 47 3112
2 68 2993
27 69 3511
49 62 2164
52 81 4994
94 97 3301
39 41 1943
38 74 1428
49 80 5491
54 84 4360
47 58 2094
59 62 3339
29 30 1391
59 83 1360
39 71 5441
32 94 1984
39 56 1322
30 35 165
9 24 5037
21 37 2570
0 58 4915
38 70 820
27 73 656
20 78 3232
28 56 2432
12 42 2548
48 56 265
65 71 1755
9 61 4778
5 38 5718
58 72 5050
15 79 435
14 65 32
76 78 4655
18 59 3249
48 55 3942
0 19 5210
67 68 2219
14 75 1985
0 45 2964
79 84 616
35 42 3809
40 50 3299
44 93 312
24 26 5046
46 90 4727
4 44 373
34 69 460
21 79 3660
49 98 1862
8 67 931
80 96 3976
47 86 2070
7 98 1040
43 79 3218
78 80 120
6 22 5668
20 27 4739
50 88 1967
23 57 4289
1 99 4763
67 82 2746
67 93 1599
1 82 3293
24 46 314
15 65 4284
5 65 4703
82 99 5321
62 95 4979
